494.63
126.06
494.63
175.53
494.63
128.91
494.63
225.12
225.12
325.56
179.06
320.12
320.12
464.07
320.12
494.63
430.86
320.12
364.51
364.51
356.17
128.91
320.12
203.52
430.86
225.12
320.12
320.12
126.06
364.51
364.51
364.51
364.51
120.65
203.52
204.58
356.17
128.91
464.07
325.56
128.91
199.68
204.58
203.52
126.06
128.91
430.86
158.35
203.52
325.56
364.51
366.87
175.53
364.51
325.56
356.17
364.51
364.51
158.35
430.86
117.24
203.52
320.12
199.68
430.86
380.37
325.56
464.07
430.86
494.63
364.51
204.58
126.06
494.63
203.52
464.07
126.06
364.51
364.51
203.52
204.58
203.52
203.52
117.24
204.58
356.17
126.06
234.20
199.68
364.51
199.68
364.51
464.07
158.35
325.56
204.58
356.17
225.12
234.20
325.56
742.25
1585.02
483.34
1690.82
1250.66
624.04
1477.12
1465.26
710.15
1518.93
845.35
1477.12
1468.46
1654.62
1608.60
1477.12
837.80
647.00
418.17
845.35
631.81
1724.68
483.34
1090.31
845.35
1682.08
742.25
639.73
624.04
718.30
1467.52
1048.28
765.13
738.92
1518.93
802.95
1202.69
1468.01
1477.12
1030.41
639.73
1048.28
1114.90
636.02
765.13
1468.01
1682.08
1549.82
837.80
1467.52
738.92
1549.82
1045.96
1654.62
1394.55
866.18
1237.71
1282.84
837.80
564.16
1389.11
664.43
895.14
483.34
1465.72
1468.46
801.73
710.15
1690.82
570.99
788.53
927.98
710.15
1202.69
511.23
1468.46
1724.68
710.15
664.43
648.53
1654.62
1185.24
1031.34
1690.82
1139.94
1109.32
799.12
837.80
866.18
1547.50
1628.66
1288.31
765.13
574.10
464.68
1375.88
1038.42
800.18
779.66
956.61
1894.85
1705.24
1634.13
1110.60
1623.73
2097.69
1170.54
1085.40
1149.07
1780.07
1631.49
1676.48
1705.24
1067.81
1694.37
1649.04
1691.68
1285.23
1964.86
877.17
1158.68
1487.93
1879.09
1711.55
1827.44
1516.43
1249.66
1849.58
765.13
1600.10
538.36
1631.49
1170.54
1807.67
1084.79
1694.37
1110.00
1630.66
1730.86
1635.50
1067.81
1623.73
751.58
1639.12
1716.13
1785.47
1964.86
1779.08
1732.46
1785.47
1339.72
1267.98
2098.07
1705.24
1809.29
1110.60
1514.40
880.41
1837.11
1249.66
1705.24
1746.74
902.09
1110.00
1568.41
1662.88
1780.07
1189.47
1487.93
1872.81
1730.86
1770.37
1483.77
1222.60
966.26
978.13
1889.90
1606.63
1547.50
981.72
1903.76
1208.82
1505.19
1827.18
1483.77
2098.07
1778.65
1190.16
1800.86
993.55
2098.07
1727.10
1903.76
1897.37
1152.99
1461.33
765.13
1844.58
1587.21
1800.86
1351.69
879.65
1328.85
780.15
1435.96
738.92
1050.05
1666.52
1353.87
1559.83
866.07
1112.02
1114.90
1112.02
1112.02
781.82
1139.94
658.14
1165.44
1050.05
1676.48
781.82
748.57
1465.26
1419.48
1081.05
1202.46
1777.14
1112.02
1139.94
509.52
715.19
624.78
877.17
1324.64
743.94
742.25
715.19
927.98
1119.17
667.98
781.82
1324.64
1429.72
905.79
1116.31
1337.63
715.19
866.07
1090.31
1547.50
1090.31
624.78
1119.17
625.15
779.66
1353.87
1353.87
625.15
779.66
742.25
1163.10
1803.97
1353.87
715.19
1777.14
1499.68
799.12
743.94
1081.05
972.58
1163.10
1353.87
1353.87
1324.64
765.13
1435.96
625.15
743.94
1276.06
779.68
927.98
1328.85
678.74
1216.36
742.25
877.17
539.36
742.25
1468.01
640.56
1063.46
658.14
1435.96
1961.96
1120.10
1337.63
813.95
1208.82
1771.80
935.40
807.48
831.96
1237.71
742.25
457.49
866.76
872.19
570.99
1250.66
640.56
1045.96
874.99
1260.96
1077.35
666.59
1208.82
546.04
1606.63
546.04
1139.94
457.49
848.42
738.92
600.23
710.15
1235.69
755.30
664.43
1277.26
664.43
743.94
844.90
676.38
682.22
1606.63
781.82
848.42
683.10
1048.28
879.65
950.24
415.96
636.51
538.36
1110.60
544.12
483.34
1229.41
779.66
303.94
331.74
332.06
707.88
1144.41
616.27
848.42
771.83
448.34
891.90
813.95
813.95
483.34
483.34
1251.14
564.16
779.68
1144.41
1144.41
355.57
711.07
483.34
1045.96
1163.10
752.69
780.15
1048.28
1166.93
785.59
162.18
616.27
625.15
331.74
355.57
693.36
640.56
1237.62
742.25
743.94
1166.93
564.16
509.52
162.18
813.95
363.02
355.57
1048.28
483.34
785.59
771.83
1048.28
742.25
624.78
331.74
1048.28
331.74
780.15
625.15
755.30
415.96
483.34
743.94
625.15
448.34
332.06
755.30
711.07
1251.14
755.30
448.34
960.47
780.15
1251.14
448.34
636.51
564.16
625.15
737.28
785.59
363.02
625.15
960.47
737.28
624.78
221.23
737.28
1202.46
332.06
1216.36
625.15
737.28
483.34
799.12
303.94
564.16
162.18
1324.64
1216.36
363.02
780.15
1499.24
1109.32
1287.00
1374.90
1202.69
464.68
1180.63
628.40
1116.56
1394.55
1077.35
1443.96
751.58
600.23
1394.55
1180.63
564.16
666.59
851.24
1287.00
666.59
616.24
628.40
1483.33
1365.73
1180.63
1478.11
1180.63
1305.54
616.24
538.36
1168.72
666.59
666.59
751.58
1478.11
1287.00
978.13
1202.69
1305.54
1500.09
847.33
1037.45
1585.02
1180.63
1479.01
1477.12
1287.00
648.53
1394.55
1516.43
600.23
1585.02
1394.55
666.59
1394.55
1031.34
616.24
564.16
1478.11
1031.34
851.24
1050.25
1499.24
1394.55
1031.34
1109.32
1394.55
1479.01
538.36
1483.33
464.68
1394.55
594.93
950.24
511.23
1353.77
600.23
1539.10
922.69
845.35
648.57
1180.63
1452.17
844.90
600.23
1500.09
1394.55
848.42
1452.17
464.68
851.24
600.23
851.24
978.13
1156.55
648.57
1281.64
1478.11
601.81
2004.34
2004.34
2000.42
1964.86
1776.48
1903.76
1964.86
1862.45
2014.72
1971.23
2248.12
1862.45
1847.26
2072.18
1849.58
1987.39
2024.20
1964.86
1944.62
1794.57
1944.62
1847.26
877.17
2032.23
1964.86
2072.18
1809.91
2214.64
1817.77
2063.98
1849.58
1964.86
1862.45
2072.18
2047.06
1849.58
1765.79
1903.76
1945.95
1765.79
2004.34
1903.76
1862.45
1780.65
1847.26
1894.85
1780.65
1849.58
2164.15
2047.06
1718.76
2279.82
1803.97
2004.34
1903.76
1894.85
2279.82
2214.64
1871.76
2047.06
1776.48
1780.65
1788.75
1944.62
1971.23
1857.04
1862.45
1776.48
1945.95
1765.79
2164.15
2004.34
1780.65
1972.88
1694.37
2047.06
1826.08
2063.98
1880.76
1871.76
2024.20
1809.91
1727.10
1778.65
1964.86
2004.34
1862.45
1809.91
1871.76
2047.06
1765.79
2063.98
1903.76
1847.26
2000.42
1727.10
1862.45
2132.85
1720.21
1894.85
1372.83
1171.68
1158.68
2079.14
1411.95
771.83
1339.72
1253.76
764.24
1113.16
2162.13
1539.47
1780.07
1807.67
1577.55
2065.16
1787.41
1851.70
1699.94
1292.93
1386.33
2162.03
1770.37
1915.79
1656.28
1374.90
1557.94
862.61
1889.90
1419.34
1600.10
1603.89
2090.54
1134.47
1499.68
1833.24
686.23
1918.89
1553.21
406.70
1894.85
1903.76
1516.68
764.24
1295.34
1746.74
1842.24
711.07
1642.15
1439.17
1506.38
1465.72
1077.12
2162.03
1632.42
1033.44
1606.63
1972.88
1394.55
1842.24
1189.47
1152.99
922.69
175.53
1313.95
1279.31
1216.36
2013.21
1421.07
837.36
1634.13
1372.83
1353.87
664.43
1461.33
1612.43
1419.34
1722.49
564.16
1707.38
1203.93
1067.81
1483.58
1809.91
636.19
1634.13
1516.43
1555.48
860.32
1918.46
1903.76
483.34
1077.12
1313.53
1666.52
1645.06
1758.56
1273.45
1167.78
418.17
1676.48
1718.79
1599.27
1809.83
1839.47
1897.19
1839.67
1807.42
1372.83
1746.74
1265.57
1229.87
1267.98
1416.98
1412.13
1249.66
1634.13
1416.98
1676.48
1695.08
1260.96
1837.11
1720.21
1202.46
1261.41
2159.33
1267.98
1676.79
1612.43
1915.79
500.92
1468.46
1367.64
1092.94
564.16
1450.67
1048.28
1145.33
1719.37
1273.45
636.51
1282.80
781.82
1915.79
1038.42
1805.77
1921.68
1090.31
1048.28
1705.90
1661.61
1631.49
2214.64
2159.33
1608.60
788.53
1608.55
636.51
1344.18
2000.19
1979.83
290.36
707.88
1392.10
1807.67
1164.20
751.58
1682.08
1547.50
2030.76
1663.58
1889.71
956.61
1827.44
1394.55
1447.95
1624.87
1905.50
1502.02
1649.49
978.13
1758.56
1871.27
1629.92
1638.66
669.85
546.04
922.69
779.08
1510.57
1889.71
2090.54
1361.30
1452.17
971.31
1453.25
1703.20
1719.37
1279.31
1624.87
1577.55
1386.33
1745.09
1547.50
765.13
1674.09
1342.39
1434.84
1649.42
1889.71
1531.20
1837.11
1691.15
1489.99
1640.78
2197.33
1968.40
2143.74
1539.00
1125.36
1202.69
2239.35
2072.18
1894.85
1394.55
1785.53
1097.95
457.49
1459.34
1634.13
1206.95
1090.31
1077.12
1944.62
1829.06
1682.10
1827.44
2065.16
2080.00
1746.74
1611.66
1682.33
1823.47
1465.26
1995.87
1656.28
1279.31
1871.76
1873.94
1858.36
764.24
647.00
1879.09
1558.12
1649.04
1997.52
1682.33
1798.38
1635.50
2013.21
1267.98
1711.55
793.58
1606.76
1699.56
1606.76
1449.26
1522.45
873.97
1870.43
1623.81
1180.63
1634.04
1779.08
793.58
1248.46
1653.69
1945.95
1798.47
1477.12
1050.25
851.24
917.79
1536.60
1421.36
1031.34
1817.77
971.31
1208.82
1765.79
1485.05
1050.25
1918.46
1366.61
1375.88
1483.33
686.23
1408.25
1215.96
1701.23
1180.63
1408.25
483.34
1842.24
1466.95
1579.73
1837.11
1599.27
866.76
1839.05
1705.90
1152.99
1267.98
1606.76
1502.02
1288.31
1705.90
1761.68
1638.66
1624.01
1450.67
1761.68
625.15
1608.60
1345.66
1612.43
1171.54
1611.66
1649.04
1107.96
1468.19
1203.93
1547.50
1555.48
1676.48
636.19
1353.77
1837.25
1638.66
742.25
1775.03
1485.59
1149.07
1852.24
1485.69
1456.34
544.12
1267.98
1979.83
877.17
1030.13
1193.72
1770.37
1366.61
1292.93
1710.53
1587.21
1499.24
835.08
2015.18
1634.13
1761.68
1839.67
1573.12
669.85
1565.16
2098.07
793.58
1600.10
1852.24
1465.26
1492.64
1760.00
483.34
1732.46
1666.52
1917.57
1903.76
1565.16
1682.33
1465.26
1945.95
1502.02
1090.31
1163.10
1206.95
1062.52
1411.95
1793.52
2098.07
1515.99
1237.07
1267.98
1282.84
1483.33
1216.36
1964.86
1807.67
1787.41
1269.10
1703.20
1547.50
255.57
2097.69
1372.83
1600.42
1568.41
1826.08
1977.89
837.80
666.59
1276.06
648.57
1807.67
1757.81
1871.27
406.91
1387.17
1722.49
1631.49
1555.48
1522.45
1077.12
1902.37
1152.99
1633.26
1705.90
1577.55
2000.39
1643.68
570.99
1599.27
624.04
1732.46
1846.41
1674.09
710.15
1416.98
1487.93
981.72
1642.15
1180.63
1593.24
1649.04
1589.65
1889.71
1918.89
1485.69
1113.16
993.55
1745.09
1371.86
1612.43
1336.74
799.12
1134.47
1516.68
971.31
1775.03
1365.73
2000.42
457.49
1780.07
1485.05
1839.47
1589.65
303.94
1180.63
1694.37
415.96
1090.31
1543.17
1416.98
1682.98
1364.54
1779.08
1354.00
1765.79
738.92
1451.85
1443.02
1276.06
1577.55
1505.19
1618.13
406.36
1267.98
848.42
1475.40
1461.33
1110.55
1237.71
866.05
1114.90
1216.36
1572.91
1987.39
1875.72
2072.18
1387.17
1952.80
1902.37
847.33
1220.35
799.12
1190.16
1513.04
1276.06
1718.79
1846.41
1513.04
667.98
1656.28
1110.00
1645.06
1745.09
1889.90
1366.61
1547.50
710.15
1565.16
1206.95
1107.96
1832.34
1339.93
1638.66
1724.42
872.19
1353.77
1691.68
600.23
1638.66
1370.31
837.36
2098.07
1411.95
2159.33
1171.68
664.43
1201.26
1507.04
1844.58
1737.86
1710.98
1367.64
1243.10
1691.68
1785.53
1447.95
1461.33
1889.90
1372.83
1586.22
1447.95
1716.13
1872.44
1842.24
1846.41
1273.45
1156.55
1267.98
1438.52
1557.27
949.34
1745.09
1505.19
788.62
1453.25
1964.86
1485.05
1113.16
1158.68
1485.05
1267.98
703.45
1364.54
483.34
1356.46
1198.24
1206.95
1698.94
1005.67
1249.66
1077.12
1048.28
1485.05
1649.49
837.80
1676.79
1338.30
415.96
1238.04
1048.28
1494.23
1375.88
1589.65
1277.26
1432.75
1256.92
1696.72
1110.00
1705.24
1209.08
1575.87
1905.50
1903.76
1630.66
1396.28
415.96
1779.92
1676.48
1485.69
1435.96
1599.27
1987.39
1462.01
1461.33
1523.75
1375.88
1903.76
1809.83
1844.58
1166.93
1676.48
1977.89
1593.24
1513.04
483.34
1719.37
1443.02
1761.68
1419.88
850.57
1555.48
1961.96
1372.83
1930.24
1623.73
1557.27
683.10
1531.20
2162.13
1579.73
1977.89
1805.77
1676.79
1515.99
1918.89
1515.99
1539.47
1539.77
1543.17
1656.28
2030.76
828.16
743.94
902.09
1485.05
1077.12
406.70
1313.53
751.58
765.13
1918.89
742.25
1434.84
1791.96
1755.05
1287.00
1916.37
1516.68
1110.00
631.81
1663.58
1515.54
1807.67
1542.40
1344.17
891.90
1483.06
1462.01
1222.41
1461.33
1705.90
1785.53
1206.95
1618.13
1465.72
1705.24
1746.74
1183.16
1881.36
1416.98
1779.08
1260.96
2279.82
1476.48
1899.69
1387.17
1085.40
1889.90
1705.90
1485.05
1167.78
1666.52
1810.94
669.85
1478.31
1360.76
415.96
1732.46
851.24
1394.55
1189.47
2214.64
1273.45
1374.91
1807.67
1005.67
624.78
1492.64
1452.17
1456.34
1557.20
847.33
1081.05
1452.17
1499.68
1436.66
1412.13
1987.44
1496.46
1215.84
1139.94
1536.60
1787.41
1631.49
1456.34
1432.79
667.98
1510.57
1017.64
807.48
1372.83
1634.13
1589.65
1894.85
1339.72
1705.90
905.79
1593.24
1918.89
1110.55
1889.90
1193.72
1950.30
718.71
666.59
1536.60
1067.81
1872.89
1287.00
1842.24
1686.98
1477.12
1685.92
1209.08
830.45
1872.44
1798.47
543.56
1209.08
848.42
1081.05
765.13
1531.20
1745.18
1561.20
877.17
682.22
799.12
564.16
1306.64
971.31
1642.15
949.34
2197.33
1624.11
303.94
1519.98
1269.10
1180.63
1171.54
1485.69
831.96
1724.42
1968.40
1827.44
1048.28
415.96
1515.54
978.13
1419.34
1585.02
1171.68
1567.43
570.99
546.04
1665.23
1730.86
667.98
922.69
1165.44
1461.33
1356.46
1416.98
1749.93
500.92
1349.04
779.68
1453.25
1696.65
1746.74
1696.65
1587.80
1847.08
1411.95
1889.90
1220.35
1625.46
830.07
1559.83
1077.12
805.12
1634.04
1502.02
1624.01
1745.09
1510.57
1638.66
1476.03
1203.93
1364.54
1202.46
751.58
1792.88
1611.66
1453.25
1516.68
2337.73
1839.47
1792.31
290.36
1022.81
1237.71
1956.89
1514.40
966.26
1432.79
1048.28
1897.37
1600.10
2159.33
631.81
1487.93
1033.44
1997.52
1710.98
573.58
1468.01
935.40
1367.64
1565.16
1485.05
1453.25
1730.86
1444.13
1950.30
1412.13
1338.30
1416.98
1631.49
813.95
1579.73
1434.84
1033.44
415.96
935.40
1287.00
1216.36
1631.49
1067.81
1719.37
1716.13
636.51
1502.02
1531.20
1492.64
1250.66
1364.54
1757.81
1531.20
1829.06
2214.64
2015.18
1547.50
1394.55
978.13
1468.19
1500.28
1722.49
1792.88
609.73
1720.21
2000.19
1925.32
1800.86
1285.20
1398.75
1366.61
1238.04
1787.41
621.12
406.70
1139.94
572.73
1387.43
1085.40
847.33
726.14
738.92
1632.10
1666.52
710.25
1183.74
2073.13
913.29
1798.47
1918.89
1639.55
1603.60
406.70
1476.03
1545.67
960.47
1237.71
1443.02
1206.95
2000.39
1412.13
1557.94
710.15
2124.16
1338.30
2000.42
1267.98
1416.33
1249.66
1618.13
742.25
1443.02
415.96
1466.95
1658.97
1833.24
572.73
1718.71
625.15
1164.20
1125.36
993.55
1755.18
1421.07
669.85
1478.31
847.33
713.71
1090.31
1842.10
1918.89
1110.00
2047.06
1819.41
1705.90
1048.28
1603.89
1434.84
1031.34
1682.33
1090.35
1547.50
1387.43
1606.63
1745.18
1510.57
1434.42
1739.49
1555.48
1638.66
1411.95
1338.30
1588.80
1776.62
1110.55
1653.69
1305.54
924.90
1745.18
1608.60
1889.90
1033.44
1248.46
1183.74
1085.40
1719.37
1285.23
1956.89
664.43
1364.54
1499.68
1077.12
1429.72
1817.77
1925.32
1557.94
1338.30
1372.83
1673.89
2132.85
457.49
1862.45
738.92
1156.55
1716.13
1152.99
1522.45
570.71
1794.57
1434.84
1829.06
1889.90
1676.48
1606.76
1458.63
1889.90
1699.56
1422.12
916.02
837.80
1682.08
755.30
1746.74
1516.68
1364.54
2337.73
1624.11
1633.26
1691.68
879.65
1809.83
1757.81
1745.09
594.93
1152.99
1109.32
1547.50
1718.79
1649.49
1506.38
1815.02
1716.13
1411.95
1682.33
1796.98
1434.84
1925.32
1017.64
1368.94
737.28
1649.49
1553.21
1690.82
624.78
1231.67
850.57
1273.45
1269.10
1387.17
546.04
1435.96
1353.87
1628.60
1171.68
636.51
1120.22
1568.41
570.71
807.48
1705.90
1743.85
1292.77
1682.62
1785.53
1810.37
1671.23
1661.61
1661.61
1364.54
1746.74
1542.40
1116.31
742.25
1110.00
1067.81
1628.66
482.65
1539.47
2098.07
1745.09
1386.33
1351.69
949.34
1716.13
2162.03
1410.58
1208.82
1779.08
1273.45
1287.00
1416.33
1565.16
972.58
1192.88
1794.57
1699.90
1972.88
1421.45
1557.27
1826.93
1623.81
1809.29
1703.02
1505.19
1690.82
1300.19
1870.43
1456.34
1682.33
1277.26
1531.20
1528.91
1416.98
874.99
624.78
1606.76
1556.68
1338.30
1110.55
1225.63
1510.91
1033.44
415.96
667.98
1691.68
1658.97
1487.93
1459.63
1899.69
1810.94
2124.16
1339.72
1676.79
1085.40
322.00
847.33
1718.79
658.14
1547.50
1338.30
1745.18
1897.37
1365.21
1807.67
962.14
1522.45
1716.13
415.96
1516.43
1198.24
1447.39
1408.25
1607.34
771.83
1450.67
1606.63
128.91
718.30
1840.75
1691.68
483.34
1225.63
1851.70
764.24
718.71
1699.90
1659.50
1722.49
1944.62
1798.38
1372.83
1510.57
1292.77
1719.37
1649.49
1611.66
1661.61
1797.14
593.83
1721.56
511.23
1510.57
1520.73
897.78
1248.46
1608.60
1485.05
780.15
1411.95
1944.89
1499.68
1017.64
1549.82
1353.77
1639.12
1849.58
1878.06
624.78
175.53
742.25
1639.12
1705.90
1897.19
1606.76
1608.60
1872.44
1792.31
1787.41
678.74
1663.58
2004.34
1523.75
1826.93
1889.90
1394.55
1809.29
1394.55
1237.07
1452.17
1139.94
1639.12
1539.47
1757.81
1365.73
1634.13
331.74
1889.90
1411.95
1419.88
482.65
781.82
1968.40
1599.27
1705.90
1152.99
1809.83
1435.96
1031.34
1871.27
1077.12
847.33
636.51
1264.53
1862.45
1862.45
1372.31
648.53
1267.98
1145.33
866.07
1755.18
1267.98
1344.18
1311.23
1485.69
1487.93
1663.58
844.90
1410.58
1809.29
1699.56
431.17
2050.62
1573.12
1903.76
1759.97
742.25
1222.60
572.73
1649.04
1800.86
781.97
1179.09
1807.67
624.78
418.17
738.92
1827.44
1539.47
1903.76
1097.95
1201.26
1033.44
1492.02
1881.36
658.14
1881.36
1353.87
1422.12
570.99
1630.47
1434.84
1847.84
1968.40
726.14
1705.24
1022.81
1918.89
1487.93
1671.23
1742.34
710.25
1145.33
1203.93
916.02
1452.17
1492.08
1977.89
1476.03
1388.05
1478.11
1295.14
1365.21
1579.73
2098.07
981.72
1918.89
1629.92
1800.86
1531.20
1203.93
1536.60
1809.29
1770.37
837.80
1608.55
1519.98
2014.72
1696.65
877.17
1807.67
1456.34
1536.60
1785.53
1749.93
1050.05
1585.02
837.80
1752.03
1770.37
406.91
1745.18
1931.21
1889.87
1394.55
1394.55
743.94
1216.36
1810.94
1152.99
1796.98
1202.46
483.34
1394.55
1502.02
1394.55
1761.68
1149.07
303.94
805.12
1757.81
2197.33
1547.50
1618.13
2013.21
1273.45
1561.41
1703.20
1745.09
1387.17
1468.19
1367.64
1502.02
1152.99
1632.10
1492.02
1171.54
1048.28
715.19
1826.08
1279.31
1434.84
742.25
1081.05
1485.40
1695.08
1110.00
1311.23
1699.94
710.15
1833.24
1139.94
837.80
1721.56
971.31
1739.49
1944.88
972.95
1918.46
1797.14
1952.80
601.81
431.17
872.19
1547.50
1705.90
589.11
1870.43
1916.37
1215.96
1624.11
731.28
731.28
1729.08
703.45
128.91
1279.31
1826.08
1837.11
1638.66
1819.41
1729.08
2030.76
1605.84
1456.34
1189.47
1742.34
483.34
1438.52
1462.01
1968.40
1396.28
1685.92
1144.41
1634.13
1473.75
1337.63
1353.77
1229.87
1894.16
1048.28
1716.13
2197.33
779.08
1770.37
128.91
1987.44
1400.57
1765.67
1674.09
1112.02
1798.47
2013.21
1682.33
1634.04
616.27
1539.47
1862.13
1514.40
1394.55
1759.97
418.17
2098.07
1730.86
1157.87
406.91
1918.89
415.96
303.94
1248.46
935.40
1883.49
1720.21
1437.95
1900.18
1676.79
1461.33
1557.27
1033.44
805.12
1555.48
1273.45
1656.28
1518.93
1251.14
1730.86
1567.43
1510.57
1031.34
1531.20
1676.48
1968.40
866.07
624.78
1192.88
1267.98
1354.00
1375.88
1587.21
1492.08
1847.84
780.15
1770.37
793.58
1897.37
1930.24
1434.84
1449.26
1522.60
738.92
1797.14
1193.72
969.85
1590.82
1260.96
828.16
535.67
1133.45
570.99
1857.04
1745.09
1832.34
1285.23
1171.54
415.96
1547.50
1745.18
993.55
431.17
1682.33
1705.27
290.36
1360.76
848.42
841.27
1114.90
2090.54
916.02
162.18
1273.45
1883.21
1491.90
1915.79
1989.13
322.00
1682.08
1989.13
1198.24
966.87
1110.60
1710.98
1249.66
1558.12
927.98
1510.57
1903.76
1722.49
1112.02
1979.83
2016.46
1434.42
1685.92
1676.48
1017.64
1770.37
1371.86
1222.41
1528.91
1719.37
1518.93
384.77
1562.23
781.82
1146.78
150.34
1724.68
1979.83
1663.58
1171.54
1492.64
1658.97
2032.23
1600.42
1365.73
1494.23
682.22
1826.93
2000.19
1090.31
1718.76
1338.30
1682.98
1846.41
1502.02
600.23
738.92
1548.87
1872.44
669.85
1062.52
1461.33
1435.96
879.65
1758.56
1691.68
1897.19
1691.68
1158.68
1846.41
1353.87
1807.67
949.34
1557.20
1116.56
907.19
1485.05
1716.13
1539.47
1514.40
1871.76
1022.81
805.12
960.47
1719.37
1593.12
1703.20
1365.21
1267.98
1372.83
830.07
2090.54
1338.30
1804.68
483.34
1682.33
678.74
1492.64
1256.92
1092.94
570.99
1755.18
1673.89
764.24
1208.82
2143.74
1794.57
1189.47
1779.08
1514.40
1638.66
1639.12
1586.21
2143.74
1090.31
718.30
1889.71
1691.68
1606.76
1964.86
2239.35
1506.38
1696.65
1556.68
1423.86
1149.07
1339.72
1309.85
1671.23
1531.20
1997.52
1454.47
1501.10
1624.87
1695.08
1313.95
1753.84
1060.47
1423.86
1450.67
1606.76
1945.95
666.59
1090.31
1394.55
1899.69
1719.37
1146.78
1880.76
1653.69
1625.46
1827.44
949.34
828.16
1806.06
282.89
1842.24
1819.41
1883.21
1696.72
1516.68
1520.73
1523.26
1872.89
128.91
1711.97
1171.54
1202.90
1979.83
1314.30
1339.72
1436.66
1567.43
1745.18
1507.04
1705.27
1516.68
1807.42
738.92
1314.30
1062.52
1208.82
718.30
600.23
922.69
1547.50
624.04
669.85
710.15
1539.00
1894.85
1837.25
1548.87
1809.29
1432.79
1364.54
1624.87
2079.14
1145.33
678.74
1171.54
1699.90
1619.00
1871.76
1971.23
625.15
303.20
1749.93
1112.02
1718.79
966.26
1872.44
1201.26
1565.16
1366.61
1203.93
1666.52
1573.12
1883.21
1344.18
1862.45
1507.04
1430.04
1663.39
1623.81
1989.13
631.81
1557.20
1394.55
2162.03
1144.41
793.58
1547.50
1251.14
1635.50
844.90
1353.77
1170.54
1638.66
1705.27
2119.83
1235.69
1536.60
1501.10
406.70
1710.72
1623.73
1883.21
1833.24
564.16
570.71
1691.68
1775.03
1229.87
1809.29
781.82
1222.60
1455.37
742.25
2143.74
1374.91
1092.94
1770.37
1727.10
1536.60
1158.68
636.51
1437.95
1557.20
1740.85
1506.38
1722.49
1565.16
1267.98
1839.05
1624.68
1579.73
1889.90
355.57
1699.56
1249.66
1643.68
544.12
764.24
1945.95
1847.08
1077.12
738.92
1523.75
1979.83
1755.18
1189.47
1649.04
1691.68
1192.88
1780.07
1698.94
1483.06
1225.63
1282.80
781.82
1716.13
2337.73
1632.10
1930.24
2337.73
1843.97
1395.03
1561.41
671.06
1097.95
1577.55
837.80
1539.47
1516.43
1752.18
418.17
1827.44
1742.34
1556.68
1770.37
1535.30
1718.79
564.16
891.90
715.19
1500.28
805.12
1852.47
1662.92
1903.76
1671.23
1394.38
1110.60
664.43
1097.95
1649.49
1451.85
1699.56
1050.05
755.30
1423.85
1300.19
1608.55
847.33
483.34
1561.41
1429.72
1925.32
765.13
322.00
522.58
807.48
1634.13
1579.73
1806.06
1461.33
1599.27
1705.27
1788.75
1883.21
1237.71
1872.81
1528.91
1603.60
960.47
1515.54
1757.81
303.94
1944.88
1918.89
1285.23
1523.26
1085.40
1796.98
1209.08
1656.28
1437.95
1623.73
711.07
1665.23
1505.19
1638.66
1050.25
1033.44
1842.10
667.98
1777.72
2007.62
841.27
1479.01
2098.07
1656.28
813.95
1719.37
1208.82
1273.45
1443.02
1847.08
978.13
1370.31
1970.01
1777.14
1251.14
1632.61
1634.13
1367.64
1185.24
1455.85
1144.41
771.83
1248.46
1411.95
162.18
1674.09
500.92
1458.63
1220.35
1696.72
1666.18
1878.06
1522.45
1612.43
431.17
738.92
1639.55
1829.06
1208.82
1611.66
1930.24
1642.15
1465.72
1473.75
1208.82
1557.20
500.92
2239.35
1516.43
962.14
743.94
711.07
1844.58
1372.31
1483.48
1897.37
1917.57
1377.35
1638.66
1705.24
966.26
1727.10
1682.08
1625.46
1634.13
1506.38
1925.32
1432.79
1745.09
956.61
805.12
1643.96
1798.47
1423.85
971.31
1862.45
1394.55
1430.04
1745.09
1682.08
1437.95
1209.08
1654.62
1295.34
1905.50
1202.90
1718.79
1649.04
1624.58
2162.13
1345.66
1394.55
1777.14
1732.46
1475.40
738.92
844.90
1623.81
1465.26
1809.29
1611.66
1273.45
1048.28
1154.03
1152.99
1819.41
1611.66
1338.30
1740.85
1423.85
1705.90
1997.52
1881.36
1624.11
1611.66
1606.76
1202.90
500.92
1691.68
1879.09
1807.42
1547.50
2239.35
1722.49
2000.39
1157.87
1152.99
1311.23
1792.88
1807.67
1605.84
1209.08
1807.67
1837.11
1180.63
1894.16
1411.95
1819.41
2239.35
1370.31
875.39
1579.73
1718.79
1785.47
1618.13
1048.28
1837.25
1788.75
1915.79
1412.13
1695.08
1883.21
303.94
807.48
1456.34
779.68
1510.57
1033.44
1759.97
969.85
993.55
1202.46
1338.30
1710.72
1705.90
1253.76
1171.68
1730.86
1565.16
1485.05
1017.64
1951.77
1461.33
1522.76
1370.31
1515.99
1743.85
1394.38
1229.41
415.96
483.34
1612.43
950.24
1458.63
1510.57
1691.68
2143.74
1829.06
1726.51
1611.66
1742.34
669.85
1872.81
1487.93
1565.16
1779.08
1899.69
1487.93
1718.71
1612.43
1558.12
1826.93
897.26
1202.69
1995.87
1903.76
1487.93
880.41
1696.65
1956.89
1490.96
1640.78
1618.13
1889.90
905.79
1662.92
667.98
1295.34
1559.59
628.40
1467.52
1599.27
1752.18
1775.03
1730.86
1203.93
1081.05
1356.46
1906.35
1902.37
1461.33
1807.67
1344.18
924.90
1780.07
1249.66
1612.43
1267.98
1528.91
1779.08
2015.18
2098.07
1432.79
897.78
1828.37
1287.00
1732.46
1666.52
1603.60
1279.31
966.26
1228.94
1682.08
1410.58
1593.12
1202.69
1663.39
1599.27
1714.80
1956.89
1634.13
415.96
1459.34
1145.33
1387.17
2162.13
1031.34
1619.00
1770.37
1145.33
1372.83
1761.94
1761.94
1632.10
1696.65
546.04
742.25
1202.46
1501.10
1579.73
1606.76
1565.16
1661.61
1353.87
1603.60
667.98
1628.60
1718.79
1897.37
1804.68
1779.12
1539.47
978.13
1048.28
1632.10
866.07
1666.52
1536.60
1556.70
837.80
1505.19
1889.90
830.07
1719.37
1048.28
924.90
1749.31
1372.83
1779.08
1788.75
1599.27
866.76
1451.85
924.90
1468.01
1631.49
1208.82
1555.48
1557.20
1193.72
765.13
1455.85
1158.68
1846.41
1300.19
1273.45
1624.58
1515.54
802.95
1215.84
1539.47
880.41
624.78
572.73
500.92
1386.33
1809.83
715.19
1624.11
1634.13
1656.28
1587.80
1827.44
1930.24
880.41
1494.23
2162.13
1579.73
1837.11
1349.04
1243.10
1653.69
1392.10
1324.64
1375.88
1572.91
1777.14
1437.95
1171.54
1600.10
845.35
917.79
1030.13
1729.08
1084.79
1435.96
841.27
966.26
1423.86
969.85
628.40
499.26
1547.50
981.72
802.95
1944.88
780.15
2098.07
1372.31
1638.66
1918.89
1412.13
866.76
1793.52
1803.97
1718.79
658.14
1005.67
1048.28
1505.19
570.71
1676.48
1827.44
1459.63
1913.87
1208.82
971.31
1603.60
1587.80
1943.24
1862.45
1522.45
1659.50
1961.96
752.69
1642.15
966.87
1873.94
891.90
303.94
738.92
1338.30
1705.90
1921.16
1063.46
1479.01
1314.30
751.58
1419.88
1661.61
1510.57
1557.20
1798.38
570.99
1580.95
742.25
1761.94
1110.00
1189.47
418.17
2098.07
1287.00
1273.45
1988.56
1561.41
1202.90
2024.20
1632.10
1606.63
1956.89
1796.98
1110.00
1520.73
1336.74
1553.21
1225.63
1770.37
1116.31
1580.95
1600.42
1815.02
1798.47
2197.33
2097.69
564.16
1515.99
1547.50
1547.50
570.99
742.25
1134.47
1952.80
1394.55
1466.95
1759.97
742.25
1612.43
1593.12
1696.72
500.92
1202.69
1770.91
1757.81
1050.25
1145.33
1819.41
1719.37
1703.20
1827.44
1478.93
678.74
1837.25
1476.48
1267.98
2214.64
1516.43
1759.97
1256.92
1478.31
1696.72
2072.18
1718.79
848.42
1589.75
1279.31
1634.13
1913.87
1353.77
1721.56
1189.47
1793.07
647.00
648.53
1090.31
1423.85
1759.97
1222.60
1918.89
1193.72
1494.23
1494.81
1656.28
1394.55
1112.02
1889.90
1883.21
418.17
828.16
1107.96
1666.52
2239.35
1050.05
1718.79
1487.93
2143.74
1438.52
1837.25
671.06
1634.04
1416.98
1229.41
1494.81
1338.30
1048.28
1589.65
1228.94
1918.46
1453.25
1676.48
1618.13
1450.67
1623.73
1392.10
2239.35
1513.04
1656.28
1113.16
1338.30
1745.09
1642.15
1612.43
793.58
1459.34
1809.83
1682.08
1788.75
2013.21
946.39
1562.23
1662.88
1628.60
873.97
1752.18
628.40
1502.02
631.81
1543.17
1171.54
738.92
1288.31
1770.37
1110.55
1502.02
1721.56
1507.04
1796.98
1377.35
1883.21
1642.15
1611.66
1649.04
499.26
1282.80
993.55
1796.98
1847.26
437.40
322.00
1317.33
1827.44
1897.37
1344.18
1809.29
1778.65
1276.06
1691.68
1889.90
1606.63
1501.10
1676.48
1090.31
1883.21
1456.34
1277.26
1466.31
1798.47
1361.30
671.06
1492.64
1894.85
978.13
1676.48
1555.48
1292.93
1485.05
802.95
742.25
1807.67
1638.66
1276.06
1250.66
1833.24
1705.24
1839.05
678.74
1461.33
628.40
1287.00
1608.60
751.58
837.80
1337.63
718.71
1918.89
1282.80
1285.20
1871.27
1349.04
1462.01
1419.34
1344.71
1487.93
1265.57
1466.95
1606.76
852.02
807.48
751.58
290.36
2214.64
1745.09
1346.14
1237.71
499.26
1203.93
1450.67
1518.93
1573.12
2239.35
1324.64
1398.94
1557.94
1889.87
1663.58
1699.90
1555.48
1394.55
1809.83
2098.07
1455.85
1593.24
1561.41
793.58
1676.79
1198.24
879.65
1842.24
2098.07
1916.37
1276.06
1661.61
800.30
828.16
2015.18
1276.06
1555.48
448.34
1435.96
1649.04
1139.94
1558.12
1658.97
1930.24
406.91
1408.25
1997.52
1837.25
693.36
1353.77
1593.24
1915.79
1589.65
1879.09
1374.90
1476.48
711.07
1476.48
1375.88
704.94
1510.57
225.12
2098.07
671.06
658.14
1502.02
1285.20
2030.76
1249.66
1921.09
2079.14
949.04
1837.25
1623.81
2214.64
686.54
564.16
1779.92
1649.49
1732.46
666.59
1710.53
2197.33
1134.47
1149.07
718.71
1649.04
1809.83
1649.04
2143.74
1615.13
1539.47
564.16
1134.47
1796.98
1956.89
1815.02
1839.67
601.81
1558.12
1443.02
1988.56
1349.04
1398.75
1625.46
1634.13
742.25
1878.06
1408.25
1612.43
1826.08
1364.54
1375.88
1467.52
1889.90
781.82
873.97
1980.99
1757.81
572.73
1606.76
1547.50
1513.04
2032.23
1760.00
446.94
969.85
1780.07
1557.20
1556.68
780.15
1450.67
847.33
1499.24
1354.00
1628.66
1805.77
1696.65
1048.28
1645.06
1608.55
1215.96
1459.34
1758.56
1823.47
1623.81
1852.24
1547.50
1837.25
1618.13
1944.89
2015.18
1248.46
1408.25
1606.76
1237.07
1658.97
1638.66
1828.37
1444.13
1837.11
2063.98
682.22
1243.10
624.78
1690.82
1634.13
1695.08
1419.88
731.28
1328.85
1077.12
1475.40
1183.74
1779.08
1839.47
1305.54
1971.23
731.28
1501.10
866.76
1588.80
1225.63
1109.32
1705.90
1676.48
1276.06
664.43
1522.45
1367.64
1411.95
1851.70
1711.97
1499.68
1897.87
1730.86
1473.75
1584.73
1394.55
1339.72
1549.82
2098.07
922.69
960.47
1840.75
779.66
1798.47
1611.66
1485.05
1666.52
1779.08
1466.95
1740.85
1740.85
1048.28
1721.56
1081.05
799.12
1487.93
683.10
1826.93
1989.13
1539.47
1476.03
1800.86
303.94
1643.68
1375.88
1183.74
1710.72
982.64
774.64
1719.37
742.25
1387.43
1575.52
807.48
1543.17
624.78
570.99
1573.12
1547.50
1235.69
1638.66
1547.50
1119.17
1833.27
1732.46
1729.08
1633.26
1450.67
1430.04
483.34
1832.34
1944.89
738.92
710.15
1222.60
1787.41
1843.97
1171.54
1967.87
1396.28
1366.61
1833.24
1394.55
1829.06
830.07
1367.64
1467.52
949.04
1871.76
1282.80
1149.07
1873.94
1189.47
873.97
1807.42
1995.87
1732.46
1430.04
1387.17
922.69
1309.85
1611.66
1349.04
1837.25
1682.33
1666.52
1220.35
866.18
2015.18
1639.55
1256.92
1458.63
1931.21
2239.35
1031.34
1765.79
1837.11
718.30
282.89
1606.63
1324.64
1279.31
993.55
789.01
1599.27
1807.67
1483.48
1710.53
1656.28
1411.95
935.38
1624.01
1029.87
1107.96
1663.39
1288.31
1081.05
718.30
1005.67
1809.83
2143.74
1743.85
1844.58
1209.08
1603.60
1480.87
1229.87
1400.57
2063.98
1279.31
1649.49
1553.21
1903.76
1514.40
1339.93
1479.01
1880.76
1142.89
828.16
1450.67
1607.34
956.61
1276.06
1216.36
1396.28
1720.21
1423.86
1356.46
1872.44
1419.34
1624.11
303.94
415.96
2000.42
1730.86
1158.68
1827.18
830.07
897.26
742.25
1721.56
1220.35
1956.89
779.68
1419.34
1423.86
764.24
1809.83
1171.68
686.54
1336.74
1796.98
1695.08
1273.45
1952.80
1465.26
624.78
1787.57
2143.74
1456.34
2014.72
1250.66
2197.33
1324.64
1849.58
873.97
1416.98
874.99
1366.61
669.85
1515.99
1287.00
1611.66
683.10
483.34
1577.55
1353.77
1727.10
1889.90
1705.27
636.02
1492.64
1193.72
695.66
1606.76
741.46
1416.98
1408.25
1423.86
1606.63
1649.49
917.79
1267.98
1883.49
1364.54
2098.07
601.81
738.92
1752.18
1005.67
1408.25
1800.86
1510.57
1112.02
150.34
1758.56
1394.38
2073.13
1251.14
1623.73
1267.98
1809.29
1696.72
1600.10
1580.95
1847.26
779.08
1842.10
1434.84
1584.73
1703.20
1872.44
1434.71
1253.76
1918.89
1787.41
1229.87
1792.88
1339.93
866.07
601.81
1492.64
1889.71
1116.56
922.69
1606.76
883.11
1599.27
1408.25
1171.54
1523.75
1510.91
1682.33
483.34
1792.31
1183.74
993.55
1120.22
1656.28
1459.63
1612.43
1013.78
1365.73
847.33
1810.94
1112.02
1703.02
1229.41
2197.33
1871.76
1110.00
1809.83
1220.35
1873.94
1705.27
1260.96
1579.73
1556.70
1371.86
600.23
1674.09
1435.96
969.85
2143.74
1377.35
1918.89
1133.45
1451.85
1114.90
1883.21
1612.43
1819.41
1565.16
1634.13
1977.89
866.05
1606.76
883.11
1419.88
1085.40
1267.98
1338.30
1987.39
1703.20
1623.73
1260.96
738.92
1732.46
2337.73
1718.79
636.51
1229.87
922.69
1558.09
1531.20
1623.81
1547.50
1416.98
150.34
1557.20
1649.04
1465.26
1606.76
1222.60
1871.27
1809.91
1033.44
609.73
2239.35
1267.98
1730.86
1606.76
1456.34
1827.18
1250.66
1827.44
1761.94
500.92
1279.31
150.34
1852.24
738.92
742.25
2015.18
1809.91
1180.63
1443.02
1586.21
1925.32
1779.12
431.17
1638.66
971.31
1842.24
1394.55
1903.76
2098.07
2013.21
1485.05
1703.20
1215.84
1485.40
718.71
1624.87
1557.20
992.40
1366.61
1676.79
1412.13
1779.92
303.94
1696.72
1785.53
924.90
1139.94
718.30
669.85
1033.44
1235.69
1366.61
1107.96
1514.40
1452.17
1146.78
1292.93
1611.66
631.81
1562.23
1324.64
1719.37
1846.41
1366.61
1114.90
1092.94
1624.11
837.80
650.68
1408.25
862.61
1752.72
1516.68
601.81
1865.67
1062.52
2013.21
1238.04
1267.98
1339.93
743.94
1394.38
1394.38
1371.86
1872.89
844.90
1311.23
1339.93
1703.02
564.16
1510.57
1423.85
935.40
2015.18
1798.38
917.79
1364.54
1394.55
1682.98
1624.87
1372.83
322.00
703.45
1995.87
1154.77
2004.34
1183.74
805.12
1956.89
1492.64
1490.96
1114.90
1732.46
1458.63
1292.77
1273.45
844.90
1277.26
1344.71
1284.51
1516.43
601.81
1421.07
1375.88
1372.83
1465.26
1732.46
1881.36
1625.46
1302.97
1837.25
1142.89
1682.33
1090.31
1662.92
1179.09
1202.90
1557.20
1575.87
1589.75
866.18
1282.84
2098.07
1694.37
1815.02
1077.12
1819.41
1770.37
2119.83
1502.02
1557.94
1501.10
1871.27
1434.84
1171.54
1411.95
1485.69
1271.52
710.25
1168.72
1921.16
1353.87
1634.13
2098.07
1809.83
1623.73
830.45
1608.55
1842.24
570.99
1416.33
1435.96
1629.92
1671.23
1208.82
1374.90
710.25
616.24
1364.54
1662.92
1980.99
1803.97
1798.47
1466.31
1770.37
1682.62
1971.23
929.16
1674.09
648.53
1017.64
1067.81
1500.28
972.58
1624.11
1249.66
1608.55
1605.84
1662.92
1421.07
1434.42
1649.04
1346.14
1565.16
1881.36
1710.98
922.69
1300.19
1792.88
322.00
1371.86
891.90
935.40
1639.55
1705.90
765.13
837.80
1145.33
1710.53
1456.34
1300.19
956.61
1883.49
1513.28
1542.40
1632.61
1475.40
1238.04
779.66
1516.68
1180.63
781.82
1785.47
1956.89
1285.20
1956.89
751.58
1516.68
1033.44
847.33
895.14
1238.04
1523.75
1487.93
742.25
1628.66
1842.24
1516.43
1324.64
1665.23
1561.41
2050.62
1193.72
1048.28
1361.30
1827.44
1305.54
1250.66
1682.33
1145.33
500.92
1555.48
1696.65
802.95
418.17
1339.72
841.27
1710.72
1483.33
1256.92
1229.41
1478.31
1611.66
1729.08
1788.75
1453.25
1411.95
1798.47
1759.97
1800.86
1840.75
1833.56
1729.08
1649.49
1225.63
1487.93
1249.66
1250.66
1719.37
1356.46
1062.52
1785.47
718.71
1803.97
1387.17
978.13
1077.35
1829.06
1561.41
1523.26
1593.12
1450.67
1608.55
1038.42
1392.10
765.13
1467.52
1722.49
1045.96
1478.11
1584.73
917.79
1372.83
751.58
1587.80
1826.93
1090.31
1152.99
683.10
1510.57
522.58
1190.16
483.34
1360.76
1558.12
1964.86
2030.76
1367.64
1894.85
483.34
1048.28
1819.41
1547.50
1421.45
1516.43
1520.73
1324.64
1897.37
1634.13
1202.69
2214.64
2239.35
2065.16
1611.66
1707.38
704.94
1631.49
1215.84
1536.60
1507.04
972.58
543.18
1889.90
1487.93
837.80
1467.52
1779.92
1238.04
1807.67
1881.36
972.58
866.18
1235.69
1771.80
793.58
718.30
664.43
1851.70
1653.69
1578.97
1872.81
1311.23
2098.07
1698.94
1353.77
1656.28
1889.90
1483.77
1339.72
1623.73
738.92
710.15
1539.00
1634.04
1634.13
1556.78
1119.17
1714.80
1793.52
1815.02
2050.62
1634.13
1729.08
1438.41
2197.33
1776.62
1250.66
751.58
703.45
1732.12
1152.99
1827.44
1755.18
1561.20
1267.98
1450.67
1249.66
1608.60
848.42
322.00
1807.42
795.80
1649.49
1023.65
1567.43
1411.95
1264.53
785.59
1547.50
1579.73
1543.17
1548.87
1202.46
1827.44
1277.26
1639.55
1465.90
1918.89
851.24
1809.83
1847.84
1556.70
664.43
682.22
1761.94
1267.98
802.95
1593.24
1033.44
1558.12
1649.04
1547.50
1852.24
1815.02
1542.40
1844.58
1902.37
1406.95
1478.93
1523.26
1543.17
1237.62
1164.20
1520.73
1324.64
1324.64
1608.55
1691.15
1449.26
1510.57
1759.97
731.28
807.48
1701.23
1477.12
1468.46
1743.85
1705.24
1215.84
1146.78
1685.92
1398.94
1142.89
1872.81
1539.47
1872.81
1453.25
1977.89
1110.00
1536.60
1593.12
1873.94
1903.76
1033.44
624.78
1302.97
1406.95
897.78
844.90
1849.58
1324.64
1917.57
1516.68
1791.96
1776.62
1730.86
874.99
1523.26
1800.86
1166.93
813.95
666.59
1215.84
1815.02
1827.44
799.12
1189.47
1452.17
1649.04
1523.75
2079.14
1997.52
1902.37
1531.20
1956.89
880.41
1273.45
415.96
1722.49
1491.90
1311.23
1539.47
1600.42
2030.76
1718.79
1787.41
1676.48
1456.34
1461.33
1565.16
2090.54
1809.29
1394.55
794.70
1730.86
1480.87
1267.98
1434.42
1475.40
1852.47
1179.09
1067.81
1285.23
415.96
1516.58
1557.20
1682.33
1478.11
1338.30
1170.54
1408.25
1037.45
482.65
1548.87
966.87
1638.66
1085.40
1952.80
962.14
1840.75
1779.08
1555.48
1612.43
1837.25
1271.52
1803.97
457.49
322.00
2214.64
879.65
1406.95
1394.55
1691.68
499.26
1485.05
1437.95
1309.85
1842.24
1944.88
225.12
1510.91
664.43
1553.21
1421.07
1568.41
1455.37
1779.08
2098.07
540.97
128.91
1365.21
1090.35
1208.82
1077.12
483.34
1796.98
837.80
1851.70
1539.47
850.57
793.58
1370.31
1779.92
1827.44
601.81
1698.94
1501.10
978.13
535.67
874.99
1557.20
1366.61
993.55
1478.11
828.16
1699.56
647.00
1267.98
1785.53
1559.59
2063.98
1730.86
1429.72
794.70
1699.94
837.80
1557.94
1152.99
1593.24
1285.20
1251.14
1485.05
1557.94
1557.94
1478.93
1930.24
1760.00
1770.37
837.80
1902.37
1373.40
1777.14
1829.06
1732.46
1645.06
807.48
1287.00
1235.69
2000.42
1353.77
1871.27
1726.51
802.96
1691.68
1673.70
2015.18
1050.05
1022.81
862.61
1479.01
2214.64
1267.98
1798.47
1588.80
1338.30
570.99
1645.06
862.61
1485.69
609.73
1120.22
1110.00
1309.85
1964.86
1995.87
966.87
1722.49
788.62
664.43
1292.93
1235.69
1031.34
1577.55
1798.47
1192.88
1543.17
1248.46
1353.87
1577.55
1507.04
1033.44
1249.66
1550.55
457.49
570.71
1629.92
1209.08
1171.68
1048.28
1189.47
1185.24
837.80
1674.09
781.82
847.33
1429.72
1565.16
1611.66
1267.98
1603.89
1702.81
1662.92
1666.52
1931.21
1353.77
1691.68
1740.85
971.31
1798.47
1500.28
902.09
1374.91
1468.01
1729.08
1353.87
1979.83
1889.90
1810.94
1794.57
1800.86
1190.16
1557.20
1645.06
1492.64
1438.52
1260.96
1732.46
1899.69
1847.84
2000.42
1360.76
922.69
1465.90
1722.49
1656.28
1807.67
415.96
1777.14
457.49
1336.74
2090.54
1465.72
1502.02
966.87
875.39
1705.24
1413.52
1408.25
1507.04
1251.14
1997.52
1611.66
742.25
1228.94
1696.72
1279.31
1408.25
1462.01
1608.55
1179.09
718.30
457.49
1918.46
935.40
1791.96
1809.29
1624.11
1557.20
1945.95
873.97
1279.31
1485.05
1271.52
1193.72
807.48
1815.02
1674.09
1435.34
570.99
1107.96
1419.48
1623.73
924.90
2072.18
835.54
703.45
1435.96
1338.30
1694.37
446.94
1338.30
1921.09
2047.06
1770.37
1372.83
1112.02
625.15
1547.50
1573.12
1600.10
406.70
1662.88
1730.86
1685.92
1510.91
1718.79
935.40
711.07
1711.55
1618.13
1698.94
1412.13
1338.30
1416.33
1237.71
1050.25
2015.18
1202.46
1353.77
1421.36
1396.28
1146.78
1501.10
1905.50
1406.95
535.67
1438.52
1107.96
1593.24
1520.73
1157.87
1792.88
1515.54
1611.66
1889.90
669.85
1017.64
1492.64
2214.64
1202.46
1623.73
1632.10
1125.36
1273.45
1356.46
917.79
1501.10
781.82
1372.31
978.13
1192.88
1612.43
726.14
1353.77
1960.67
738.92
2239.35
874.99
1285.23
949.34
1671.23
1798.38
1676.48
1459.63
1324.64
978.13
813.95
1878.06
1110.00
1918.89
1745.18
1705.90
1202.69
1577.55
1487.93
1815.02
1251.14
1344.17
1676.79
771.83
902.09
1780.65
1770.37
1720.21
1865.67
1110.60
1649.49
303.94
1394.55
1146.78
1372.83
880.41
2162.03
1777.14
1410.58
866.76
2000.42
1048.28
158.35
676.38
924.90
1837.25
1921.18
1779.08
1691.68
2072.18
1273.45
1547.50
956.61
1285.23
1485.69
1158.68
966.87
1742.34
1516.68
742.25
1394.55
1705.90
1306.91
1611.66
1870.43
1164.20
1889.71
1615.13
1507.04
1755.18
1456.34
322.00
891.90
1045.96
678.74
1478.31
1705.90
1730.86
1531.20
1113.16
1279.31
1285.20
589.11
1930.24
1634.13
1525.26
1810.94
1631.49
1666.52
2047.06
751.58
1267.98
765.13
1730.86
1435.96
978.13
1370.31
1851.70
1770.37
1628.60
1487.93
648.53
2090.54
848.42
1435.96
1656.28
1353.77
1465.72
1284.51
1372.31
1081.05
1067.81
1956.89
1638.66
813.95
1902.37
1367.64
877.17
538.36
1815.02
1573.12
464.68
1171.54
1522.45
303.94
1410.58
1190.16
1392.10
1745.18
1503.98
1336.74
1703.02
2214.64
570.99
1557.20
799.12
1635.50
1419.48
1225.63
1875.72
1634.13
1960.92
1485.40
1412.13
1875.72
1216.36
1721.56
1516.43
1356.46
1220.35
1694.37
664.43
1050.05
947.72
879.65
1798.47
667.98
1090.31
1844.58
1560.78
1396.28
303.94
1372.83
1189.47
1375.88
1112.02
779.68
1682.08
1564.90
2050.62
1434.42
1710.53
905.79
1547.50
1815.02
1568.41
1547.50
2097.69
1370.31
1535.30
1447.95
1328.85
1899.69
1897.87
1506.38
1033.44
1662.92
848.42
1666.52
738.92
1770.37
1422.12
1183.74
1630.47
1510.57
2143.74
1605.84
150.34
1557.20
1705.90
1578.97
418.17
1235.69
1467.52
1412.13
927.98
1883.21
1682.33
1577.01
2047.06
1889.90
1656.28
1354.00
1634.13
1705.27
1353.77
448.34
1605.84
1788.75
1478.93
1235.69
1873.94
657.80
570.99
682.22
1916.37
1353.87
